37041.525104879 37047.519195975
37041.522428692 37047.74354744
37041.502807481 37048.10710929
37041.533729129 37048.137516977
37041.526999259 37048.326457508
37041.532102967 37048.60736547
37041.508123792 37048.672600316
37041.486316301 37048.677562997
37041.540976066 37048.743956264
37041.545796363 37049.050575896
37048.465638096 37052.723447277
37048.962130849 37055.075187342
37049.495675005 37057.203565311
37049.509802418 37057.350542107
37050.091369684 37057.52848816
37050.383110784 37057.82333789
37050.081964369 37058.038355148
37050.028469755 37058.324882032
37049.713509918 37058.382083086
37050.121451762 37058.43058362
37053.479565448 37060.569721268
37055.939907379 37062.728719955
37058.833184235 37066.007212059
37058.762679989 37066.053354345
37058.501883269 37066.472558239
37059.204834144 37066.645435552
37059.650375901 37066.938221569
37059.392436282 37067.118057773
37059.619179741 37067.317819244
37059.600625279 37067.429991379
37061.309710252 37068.714296403
37063.554697271 37070.782620114
37067.067479201 37074.316321329
37066.984075396 37074.482393401
37067.670456141 37075.30530553
37068.585867791 37075.636186882
37068.346690087 37075.969010072
37068.175600321 37076.054159939
37067.868969102 37076.075571537
37068.480939947 37076.246621312
37069.617544113 37077.192413443
37071.530838162 37078.819270258
37075.194701932 37082.777590612
37075.424690488 37083.202221486
37076.401638303 37084.139678087
37076.880068873 37084.553343635
37077.224287504 37084.912751688
37077.286688031 37084.978078976
37077.421903794 37085.318620118
37078.065624536 37085.561650398
37077.299074041 37085.809813695
37079.656048091 37088.340370201
37083.582383665 37091.056727815
37083.974405053 37091.877679379
37085.724083618 37092.592763497
37085.037096097 37093.340207044
37086.520728442 37094.200036574
37086.138774547 37094.206520313
37086.183309907 37094.311686799
37086.920389336 37094.932254291
37086.771364937 37095.238065002
37089.02508336 37096.865735947
37092.043860835 37099.963631801
37092.781917448 37100.464436535
37093.473777477 37101.426627276
37094.069001129 37102.703155227
37095.395258513 37102.735200596
37095.397079331 37102.811726161
37096.03125935 37103.626475754
37095.497951894 37103.625693195
37096.210335529 37103.683342206
37097.619710853 37105.095319919
37100.698222962 37108.563762336
37101.368762409 37109.272965804
37102.147999712 37109.749291894
37103.814986759 37111.233681871
37103.923527483 37111.320526774
37103.787867345 37111.624163972
37104.703731395 37111.792950441
37104.703943297 37112.109400304
37104.733481045 37112.819668457
37105.945734411 37114.005851761
37109.277431273 37117.125774273
37110.046592815 37117.497992077
37110.513301797 37118.416681725
37112.413315158 37120.152468629
37112.683296664 37120.269653244
37112.877621656 37120.591883054
37112.271272254 37120.623526832
37113.127574082 37120.900832735
37113.714304943 37121.345327606
37114.76828049 37122.027132204
37117.979339378 37124.482359858
37118.348959549 37125.102134167
37119.155775266 37125.736358393
37121.219657357 37126.201073876
37121.399033804 37126.557466835
37121.966807113 37126.661759662
37121.74288747 37126.712010898
37121.735213728 37126.723241843
