37321.757599519 37327.024137069
37321.771809121 37327.321591908
37321.761808676 37327.500444487
37321.770575905 37327.737084027
37321.771267235 37327.882376743
37321.758991187 37327.914702217
37321.762575763 37328.161262447
37321.773536285 37328.341266024
37321.772101522 37328.721906374
37321.777285105 37328.730878787
37328.113437975 37332.162708199
37328.625563262 37334.606216316
37328.780408911 37335.175916675
37329.03479167 37336.209632486
37329.236034194 37336.421464972
37329.472796582 37336.437366907
37329.263287319 37336.54488825
37329.613159125 37336.997566724
37329.898891295 37337.254885438
37329.919402413 37338.150452172
37332.919212677 37339.881107564
37335.969529814 37342.572006085
37335.453837359 37342.705942994
37337.787728611 37344.184728242
37338.227302322 37344.984070926
37337.724509983 37345.179042013
37337.433741271 37345.200444921
37337.69589264 37345.480856875
37339.048170682 37345.794842707
37338.373272324 37346.243511766
37340.710809927 37347.831355173
37343.506280547 37350.395175224
37343.648293728 37350.619291481
37344.905251631 37350.84080045
37346.13975862 37352.745862365
37346.429138133 37353.277012254
37346.980219757 37353.406169027
37346.557328966 37353.579876356
37346.692852695 37353.821405589
37347.209613 37354.488683772
37348.584774471 37355.278950455
37351.667616118 37358.485791078
37351.338568213 37358.567617518
37351.761748171 37358.892153529
37353.56749901 37360.400037998
37354.475388924 37361.321699885
37354.610536063 37361.639377381
37354.920591673 37362.091930485
37354.754242758 37362.286719438
37355.341249722 37362.439537393
37356.205880429 37363.045985829
37359.567959861 37365.93456089
37359.460753577 37366.451879486
37359.789101841 37366.992333821
37362.559863917 37368.835676745
37361.15314654 37368.96625571
37362.28041866 37369.611758412
37363.60281632 37370.080126552
37363.259951256 37370.358678622
37363.551002418 37370.762655862
37363.924050367 37370.884484439
37366.673156832 37373.627445227
37367.415144861 37374.736192307
37367.762027108 37375.082841273
37369.719530326 37376.61652916
37369.965515008 37377.132576716
37370.665376211 37377.686284602
37371.803205186 37378.442569984
37371.845102521 37378.7666558
37371.42935409 37378.776940329
37371.143280739 37379.55977871
37374.428042318 37382.00549671
37375.68833924 37382.678801043
37375.96104517 37382.779672919
37377.525936888 37385.352824458
37378.51446147 37385.434384173
37377.959075299 37385.631166522
37379.583937316 37386.73828981
37379.941375815 37386.938671161
37379.876232331 37387.49595599
37380.566891156 37387.889469264
37382.898903752 37389.970441003
37383.588559035 37390.578963852
37383.731195254 37390.993898357
37386.332480218 37393.12160189
37386.353654863 37393.63318045
37386.692444231 37394.151958706
37388.454391345 37394.736333645
37388.080564525 37395.168087198
37387.696664973 37395.595694315
37388.698830187 37395.976241421
37390.870786079 37397.890382234
37391.49652009 37398.094691993
37391.816374982 37398.476415705
37394.450374091 37400.152811901
37393.897810445 37400.167413556
37395.744259094 37400.345756513
37394.948670933 37400.455244594
37396.174867157 37400.575632866
37396.587543064 37400.58524749
