RequestTime
9.91
10.26
10.39
10.61
11.14
11.26
11.29
11.49
12.29
12.75
11.43
11.71
11.65
11.57
11.87
12.01
12.8
13.34
12.54
13.45
14.16
12.67
14.27
14.32
14.24
13.86
11.68
12.75
14.16
14.2
13.85
12.73
12.44
12.27
13.87
13.8
12.55
13.96
14.3
13.61
12.58
12.52
13.71
12.23
13.01
12.51
13.77
12.96
13.23
13.91
13.12
12.84
12.82
12.9
12.2
12.66
13.78
13.38
12.25
12.69
13.14
12.36
13.75
12.43
13.74
11.89
12.32
12.56
13.55
13.96
13.05
11.91
12.97
12.59
12.08
12.58
11.35
11.35
11.47
12.55
11.72
12.6
11.89
12.41
12.43
11.77
11.76
11.5
13.51
12.8
12.08
11.95
11.02
11.74
10.83
11.24
12.48
11.01
11.17
10.01
