36894.095189358 36904.00976728
36894.114256963 36904.372374939
36894.112075736 36904.498639952
36894.111945953 36904.721013357
36894.092926691 36905.229103503
36894.111796412 36905.368480273
36894.099957801 36905.385797159
36894.118887336 36905.606610588
36894.115185781 36906.405871247
36894.114281474 36906.865031917
36904.994156494 36916.428402523
36905.452575378 36917.162631796
36905.571478783 36917.22453859
36905.912906583 36917.484650662
36906.40129246 36918.270556743
36906.542641058 36918.556661867
36906.735397018 36919.534479009
36906.521756785 36919.864898891
36907.396530632 36919.935994147
36907.650275795 36921.099938561
36917.165177855 36931.32433026
36919.646758214 36932.316220762
36918.269314675 36932.538454089
36918.365843323 36932.683273494
36918.716533194 36932.951878673
36919.972059793 36933.82942579
36922.291240996 36933.967655343
36921.337813403 36934.092378938
36920.769686555 36934.928061589
36921.394382522 36935.598909606
36932.018697413 36945.864096227
36933.305043264 36946.038512478
36934.121289079 36946.559501572
36935.241316725 36947.51133162
36933.667477126 36947.539803779
36933.85561054 36947.655693999
36935.830631008 36948.381297808
36935.10673051 36949.068307279
36934.972395615 36949.275792169
36936.435131667 36950.045656088
36946.987239587 36959.564425216
36947.364624484 36959.888802288
36946.715840121 36960.426097906
36948.601916071 36960.834648783
36948.630324869 36961.644597777
36949.315806671 36961.823854244
36948.773578166 36962.541817306
36950.162156686 36963.12016027
36950.852893938 36964.085057099
36950.319204619 36964.224828394
36960.402331652 36973.524249261
36960.941941639 36973.785090263
36961.490772553 36974.309222321
36962.056846628 36974.955549844
36963.149789083 36975.346254055
36963.992602081 36976.650226363
36962.963410313 36976.743373715
36963.457867029 36976.837866279
36965.365880836 36977.620797369
36965.230951678 36977.925171832
36974.322998837 36987.460000852
36975.926608301 36988.282664536
36974.608102495 36988.354834025
36976.266848219 36988.701256163
36975.245129234 36988.982713072
36977.70585398 36989.594164949
36978.866711505 36991.189545995
36978.650648469 36991.20847677
36977.942173822 36991.494995952
36977.81575748 36991.778117703
36988.162598445 37001.210145763
36989.380931145 37001.292221288
36989.461613721 37002.432991029
36989.845753051 37002.439249398
36990.493888716 37002.57381076
36990.117162278 37002.698329395
36992.258892384 37003.612832972
36992.550933305 37003.896224825
36992.826683218 37004.29649746
36992.261822604 37004.8100633
37002.140942982 37013.863509553
37002.074402777 37014.678964701
37003.669445017 37015.558689076
37003.477220197 37015.886319898
37003.774372888 37016.204512601
37004.582701007 37016.354243519
37004.98198307 37016.744053926
37005.313379929 37016.813273652
37003.458820869 37016.965912114
37005.739995459 37018.544323952
37014.686543195 37026.76503081
37015.440165184 37027.393535617
37017.391682986 37028.410067393
37016.904670995 37028.641015235
37017.928455903 37028.758354115
37017.557839439 37028.797588989
37016.407075023 37028.891126676
37018.024847752 37029.031796442
37017.883683978 37029.055353963
37019.277286634 37029.286970039
