37231.50128113 37237.089596095
37231.537802719 37237.179309623
37231.51001825 37237.197099482
37231.530010227 37237.254540957
37231.539657231 37237.329225927
37231.541091574 37237.369553406
37231.532830354 37237.622070513
37231.539826771 37237.963999356
37231.544815702 37237.98730068
37231.543378386 37238.016412276
37238.361321453 37244.060055533
37238.48219083 37244.781086786
37238.851928421 37245.003297528
37238.456162601 37245.093632421
37238.547577029 37245.330179041
37238.562458838 37245.378475052
37238.632609069 37245.427927614
37239.156383716 37245.81172551
37239.167543859 37245.984912016
37239.140555635 37246.195263476
37244.759709393 37248.15690353
37246.002620516 37251.88006644
37246.419361904 37252.922330386
37246.527488157 37253.188580242
37246.789367857 37253.239842651
37246.825386808 37253.519215362
37246.859518175 37253.712683932
37247.18669091 37253.816026908
37247.449275347 37254.34893916
37247.343328735 37254.393195701
37248.93341418 37255.23439865
37252.628395047 37259.107015693
37253.991947161 37260.869927239
37254.427963075 37261.173426594
37254.466348043 37261.311373448
37255.122853761 37262.177534891
37254.798437037 37262.251339714
37255.000046348 37262.365922851
37255.676601574 37262.399146702
37255.69354303 37263.041826248
37256.313557605 37263.29925178
37259.987964728 37266.894617058
37261.794264654 37268.888635791
37262.478433037 37269.013269558
37262.260976627 37269.414426476
37263.500145318 37269.700652594
37263.422612885 37270.498363084
37264.385467234 37270.859822771
37263.601705179 37271.263115696
37263.627956462 37271.375858838
37264.221490742 37271.807132538
37267.722374729 37274.206621096
37270.483350361 37277.317599942
37270.085068244 37277.463917055
37269.92204662 37277.67880128
37271.497455477 37277.765866282
37270.722647037 37278.100390785
37272.752011445 37278.651978582
37272.005453962 37279.041267236
37272.462488758 37279.020075729
37272.413619712 37279.192595161
37274.943975027 37281.421610379
37278.513468133 37285.055201067
37278.929343911 37285.588480704
37279.078977662 37285.834291916
37278.72785472 37286.335975283
37279.889408087 37286.622850554
37279.438405597 37286.900143067
37280.244935032 37287.362896047
37280.304541315 37287.446775798
37280.243451108 37287.990967474
37282.263325557 37289.647331351
37285.850297619 37293.199932043
37286.954768243 37293.254748288
37286.660321933 37293.555718596
37287.497555054 37293.907437911
37288.607099504 37294.667845873
37288.521023102 37295.556637574
37287.972310464 37295.623447929
37289.028680631 37296.031329897
37288.15309114 37296.07083904
37290.442951558 37297.226757902
37294.293650098 37301.103456622
37294.946251399 37301.723579538
37294.60933965 37301.81809832
37294.230811516 37301.941884225
37295.504619743 37301.940513692
37296.770008753 37303.608322939
37296.687419721 37303.750248343
37297.109657915 37304.656780881
37298.027420565 37304.743652658
37297.099423519 37304.791736374
37302.024144507 37308.167857581
37302.870773881 37309.01112675
37303.087647318 37309.057279621
37302.971624171 37309.093438238
37303.094300715 37309.120127556
37304.686150963 37309.48279843
37304.528150733 37309.503009904
37305.689432994 37309.534942354
