37412.774418857 37418.059189804
37412.783563042 37418.22304937
37412.745741462 37418.428853329
37412.790751947 37418.701787347
37412.761295617 37418.91101649
37412.752226234 37419.163513455
37412.799276955 37419.202231354
37412.777483096 37419.441476403
37412.762592617 37419.608173254
37412.800980199 37420.156521797
37419.156910841 37425.447139541
37419.487863716 37426.301442452
37420.008329066 37426.882997416
37419.755171557 37427.079752403
37420.264788229 37427.591404187
37420.567262737 37427.788637637
37420.829926989 37427.941675779
37421.210661601 37428.238772542
37420.695962536 37428.547920021
37420.534934823 37428.873922199
37426.191618165 37433.302954106
37427.237189018 37433.887818992
37427.927694388 37434.389657547
37428.267423946 37434.670055743
37428.806656417 37435.448181094
37429.812681421 37436.361086056
37429.243175699 37436.775359168
37429.063388421 37436.913787891
37429.401903266 37437.064653777
37429.680288206 37437.308989932
37434.000577439 37440.469600912
37434.931461235 37441.445681652
37435.364064521 37442.691133216
37435.525383543 37442.884652905
37436.29659079 37443.004259456
37437.327414254 37444.459476284
37438.225362446 37445.024074402
37438.05783048 37445.182596172
37438.000823975 37445.592372653
37438.324898136 37445.811047452
37441.305754371 37448.629213807
37442.179821707 37448.94608058
37443.751646802 37449.894041084
37443.929327594 37450.752199152
37444.009265424 37451.288850401
37445.257856449 37452.735050505
37446.276851939 37453.460054157
37446.760589767 37453.886367361
37446.657497968 37454.143712157
37446.080160622 37454.650009126
37449.438342989 37457.016083963
37449.86269216 37457.349645127
37450.794756481 37457.974253544
37452.118638687 37458.950300307
37451.529903897 37459.241543207
37453.470937299 37461.240537253
37454.473161832 37461.605791015
37455.04068134 37462.082832351
37455.588478063 37462.895794208
37455.21517972 37463.074645579
37457.783252339 37465.608566705
37458.273211622 37465.628621951
37458.871795106 37466.177573707
37459.957292911 37467.205017333
37460.20586493 37467.809349292
37462.88121399 37469.838566767
37462.598619452 37470.517772533
37462.126618511 37470.678464986
37463.913755601 37471.078763239
37464.097296112 37471.907113354
37466.639105499 37474.067436619
37466.639158186 37474.44062566
37467.196688026 37474.603235867
37468.085474213 37475.64709739
37468.763271459 37476.736806976
37470.623283477 37477.976938976
37471.840668375 37478.967902624
37472.077257358 37479.421098438
37471.629831982 37479.420677795
37472.898607587 37480.395187007
37475.650636772 37482.561364609
37475.144593225 37482.829817003
37475.430204475 37483.191745292
37476.475917049 37483.716375286
37477.607193187 37484.584887145
37478.721102412 37486.03817829
37480.424635188 37487.704278193
37480.425330282 37488.194451132
37479.979553274 37488.321282384
37481.312345078 37488.885489483
37483.459252104 37490.865552543
37483.890019336 37491.282785927
37484.169339124 37491.446764671
37484.817507379 37492.328360122
37485.419662843 37492.368264827
37486.800963428 37492.977343016
37489.22030721 37493.64698805
37488.678037902 37493.82114039
37489.752174946 37493.837743352
37489.33639089 37493.8976377
