RequestTime
5.28
5.44
5.68
5.91
6.15
6.41
6.4
6.66
6.85
7.36
6.29
6.81
6.87
7.32
7.33
7.22
7.11
7.03
7.85
8.34
7.11
6.65
6.46
6.4
6.64
6.55
7.53
7.85
7.66
7.63
6.47
6.51
7.33
7.36
6.71
7.13
6.8
7.12
7.59
7.49
7.32
6.77
6.14
6.82
7.28
7.48
7.18
7.13
7.49
8.57
7.58
7.49
7.18
6.83
7.71
7.77
7.13
7.04
7.31
7.86
7.83
7.36
7.31
7.25
7.6
6.96
7.92
8.55
7.17
7.81
7.43
7.8
7.41
7.56
7.97
7.35
7.13
7.34
7.79
7.5
6.91
7.69
7.76
7.24
6.98
7.32
7.28
7.77
8.34
7.57
7.41
7.39
7.28
7.51
6.95
6.18
4.43
5.14
4.09
4.56
