37138.990135628 37144.096951399
37139.003718973 37144.471157949
37139.010998494 37144.610256705
37139.007136652 37144.769543989
37138.982211364 37144.813379413
37139.00888852 37145.130393934
37139.03432708 37145.234620827
37138.990229597 37145.255267468
37138.99992649 37145.348432322
37139.01833811 37145.393167286
37145.148030919 37147.674983178
37145.638906751 37150.874699157
37145.89256675 37152.412404091
37146.13344018 37152.521435901
37146.460901147 37153.209982545
37146.547786484 37153.444122501
37146.65640831 37153.460063872
37146.104120576 37153.510079141
37146.610235451 37153.564018806
37146.541008387 37153.885324092
37148.454683431 37155.57833153
37151.583800421 37158.235997631
37153.394951379 37159.768796999
37153.237504095 37160.107370678
37155.110916356 37161.954784037
37155.093483983 37162.289757681
37155.046998839 37162.42211458
37155.039539142 37162.564543076
37155.323876575 37162.716481242
37154.790502563 37162.758211811
37156.514597057 37163.928738012
37158.975090264 37165.928279279
37160.925522562 37167.500689166
37160.625991101 37168.283798432
37163.09574786 37170.351922233
37163.550427418 37170.587691132
37163.95958335 37172.010409382
37163.805748709 37172.163473112
37163.674762055 37172.750902965
37163.970004871 37172.932126342
37165.00841803 37173.156786661
37166.843533547 37175.123228744
37168.275491842 37176.126222476
37169.183715385 37176.901100708
37171.12986549 37178.936652642
37171.309246834 37179.667659962
37173.058215667 37180.285718138
37173.295653409 37180.613496065
37173.846981462 37180.969140356
37174.058689138 37181.459593561
37174.207250734 37181.895967114
37175.850198557 37184.158965122
37176.920426149 37184.640774885
37177.775248713 37185.329923845
37179.673676608 37188.134903642
37180.476690391 37188.476417971
37181.336479482 37189.290753675
37181.668181511 37189.572394198
37182.510879326 37189.64511555
37182.032828563 37189.61723647
37182.898013928 37190.607723714
37185.865598481 37192.261413647
37185.184500589 37192.581056326
37186.371449503 37193.274222333
37189.354488306 37195.656626921
37188.892456514 37195.962281832
37190.363104515 37197.008342873
37190.642991663 37197.414197595
37190.725792752 37197.768956835
37191.396513022 37198.265163728
37190.730788755 37198.447663637
37193.031042297 37199.04366621
37193.386812313 37200.784000065
37194.214155915 37201.383057782
37196.539573004 37203.371012229
37196.733102078 37204.569487092
37197.95403189 37205.27133578
37198.765798253 37205.719677161
37199.270685891 37206.34665545
37198.28331249 37206.504711823
37199.498301046 37206.653943399
37199.971999105 37206.928859644
37201.585545536 37208.786153999
37202.31242647 37210.201142086
37204.176367119 37211.261100064
37205.341226531 37212.874540084
37206.710159453 37213.277230331
37206.267647658 37213.558618792
37207.454823606 37214.49980849
37207.65286348 37215.149316033
37207.748109553 37215.195587209
37207.955342344 37215.525088539
37209.632805363 37216.899353649
37210.909679108 37217.683366518
37212.009498744 37218.013748947
37214.403402661 37218.946825651
37213.69898239 37219.059862563
37214.622471344 37219.177494989
37215.372700735 37219.295634418
37216.139240541 37219.320875365
